
==================================================
Time: 2026-04-11 16:18:01
Method: DTI Ensemble Pro v4
AUC: 0.93062
PRC: 0.85911
ACC: 0.85523
Precision: 0.69834
Recall: 0.86339
Best Threshold: 0.5068

========================================
Time: 2026-04-11 16:24:26
Method: TopK Rank Fusion
AUC: 0.92655
PRC: 0.85284
ACC: 0.85717
Precision: 0.70848
Recall: 0.84495
Best Threshold: 0.6409
========================================
